1101	Abilene Chr	[0.35294117647058826, 16.61764705882353, 18.073529411764707, 0.034482758620689655, 14.54468085106383, 19.01276595744681, 0.6666666666666666, 16.25, 16.666666666666668]
1102	Air Force	[0.6190476190476191, 17.597633136094675, 16.869822485207102, 0.19444444444444445, 14.910344827586206, 17.082758620689656, 0.5714285714285714, 17.107142857142858, 16.714285714285715]
1103	Akron	[0.8723404255319149, 17.46031746031746, 14.708994708994709, 0.42857142857142855, 16.91549295774648, 17.366197183098592, 0.5882352941176471, 15.956521739130435, 15.956521739130435]
1104	Alabama	[0.7551020408163265, 16.68702290076336, 15.04325699745547, 0.23529411764705882, 15.36231884057971, 16.434782608695652, 0.36363636363636365, 16.21978021978022, 16.681318681318682]
1105	Alabama A&M	[0.45161290322580644, 16.333333333333332, 16.142857142857142, 0.2708333333333333, 14.81653746770026, 17.65891472868217, 0.3333333333333333, 15.166666666666666, 16.125]
1106	Alabama St	[0.71875, 17.158301158301157, 15.8996138996139, 0.36363636363636365, 16.146478873239438, 18.056338028169016, 0.3, 16.88888888888889, 17.333333333333332]
1107	Albany NY	[0.7777777777777778, 16.63736263736264, 14.961538461538462, 0.5882352941176471, 15.8679706601467, 15.506112469437653, 0.3333333333333333, 15.541666666666666, 16.625]
1108	Alcorn St	[0.4482758620689655, 15.854077253218884, 15.871244635193133, 0.16, 14.883374689826303, 18.11910669975186, 0.18181818181818182, 15.133333333333333, 17.044444444444444]
1109	Alliant Intl	['Nan', 'Nan', 'Nan', 'Nan', 'Nan', 'Nan', 'Nan', 'Nan', 'Nan']
1110	American Univ	[0.6842105263157895, 15.474025974025974, 14.188311688311689, 0.34545454545454546, 14.513513513513514, 15.567567567567568, 0.6666666666666666, 12.416666666666666, 13.25]
1111	Appalachian St	[0.5294117647058824, 16.82608695652174, 16.91304347826087, 0.23404255319148937, 16.04736842105263, 18.426315789473684, 0.3333333333333333, 16.0, 16.25]
1112	Arizona	[0.9607843137254902, 19.2390243902439, 14.429268292682927, 0.696969696969697, 17.677902621722847, 15.827715355805243, 0.8148148148148148, 17.93548387096774, 15.188940092165899]
1113	Arizona St	[0.8518518518518519, 18.063492063492063, 15.46031746031746, 0.3125, 16.923076923076923, 17.676923076923078, 0.25, 17.896907216494846, 18.88659793814433]
1114	Ark Little Rock	[0.6097560975609756, 17.765765765765767, 16.654654654654653, 0.3, 15.85276073619632, 18.32515337423313, 0.4, 16.023809523809526, 16.595238095238095]
1115	Ark Pine Bluff	[0.7407407407407407, 16.87962962962963, 15.675925925925926, 0.3018867924528302, 14.830985915492958, 17.845070422535212, 0.2727272727272727, 14.409090909090908, 16.227272727272727]
1116	Arkansas	[0.9090909090909091, 20.63370786516854, 16.602247191011237, 0.3548387096774194, 16.685258964143426, 18.254980079681275, 0.42857142857142855, 18.357142857142858, 18.25]
1117	Arkansas St	[0.625, 17.753086419753085, 16.104938271604937, 0.4090909090909091, 16.37883008356546, 17.409470752089135, 0.5, 15.405405405405405, 16.594594594594593]
1118	Armstrong St	['Nan', 'Nan', 'Nan', 'Nan', 'Nan', 'Nan', 'Nan', 'Nan', 'Nan']
1119	Army	[0.5263157894736842, 18.130718954248366, 17.405228758169933, 0.43478260869565216, 17.32085561497326, 17.93048128342246, 0.6, 19.45, 19.2]
1120	Auburn	[0.5294117647058824, 17.718446601941746, 17.09223300970874, 0.18181818181818182, 15.707865168539326, 18.187265917602996, 0.3333333333333333, 15.814432989690722, 17.917525773195877]
1121	Augusta	['Nan', 'Nan', 'Nan', 'Nan', 'Nan', 'Nan', 'Nan', 'Nan', 'Nan']
1122	Austin Peay	[0.38235294117647056, 18.029197080291972, 18.927007299270073, 0.13953488372093023, 16.469914040114613, 19.318051575931232, 0.375, 17.876923076923077, 18.338461538461537]
1123	Ball St	[0.36585365853658536, 16.084592145015105, 16.706948640483382, 0.18181818181818182, 15.699164345403899, 18.128133704735376, 0.0, 15.25, 19.0]
1124	Baylor	[0.7755102040816326, 18.141057934508815, 15.204030226700253, 0.45161290322580644, 17.322709163346612, 17.290836653386453, 0.6, 17.6625, 16.425]
1125	Belmont	[0.918918918918919, 19.83108108108108, 16.655405405405407, 0.5454545454545454, 18.65340909090909, 18.255681818181817, 0.7142857142857143, 18.601769911504423, 17.345132743362832]
1126	Bethune-Cookman	[0.4375, 15.914396887159533, 16.03112840466926, 0.1568627450980392, 14.473170731707317, 16.882926829268293, 0.4444444444444444, 17.47945205479452, 18.08219178082192]
1127	Binghamton	[0.21052631578947367, 15.058823529411764, 16.705882352941178, 0.1276595744680851, 13.88888888888889, 17.645502645502646, 0.0, 13.875, 18.0625]
1128	Birmingham So	['Nan', 'Nan', 'Nan', 'Nan', 'Nan', 'Nan', 'Nan', 'Nan', 'Nan']
1129	Boise St	[0.85, 18.599388379204893, 15.700305810397554, 0.47368421052631576, 16.727868852459018, 16.78688524590164, 0.5625, 17.876923076923077, 16.415384615384614]
1130	Boston College	[0.5106382978723404, 16.93193717277487, 16.596858638743456, 0.23529411764705882, 15.985454545454546, 17.73090909090909, 0.26666666666666666, 16.826446280991735, 18.165289256198346]
1131	Boston Univ	[0.6585365853658537, 17.393393393393392, 15.957957957957959, 0.5111111111111111, 16.958677685950413, 17.322314049586776, 0.5, 16.5, 16.041666666666668]
1132	Bowling Green	[0.6136363636363636, 15.926136363636363, 14.857954545454545, 0.3333333333333333, 15.52046783625731, 16.52046783625731, 0.2, 16.048780487804876, 16.585365853658537]
1133	Bradley	[0.6041666666666666, 16.645833333333332, 15.526041666666666, 0.16666666666666666, 14.472602739726028, 17.15753424657534, 0.08333333333333333, 13.693877551020408, 15.918367346938776]
1134	Brooklyn	['Nan', 'Nan', 'Nan', 'Nan', 'Nan', 'Nan', 'Nan', 'Nan', 'Nan']
1135	Brown	[0.5675675675675675, 16.513333333333332, 16.373333333333335, 0.3409090909090909, 16.03932584269663, 17.02247191011236, 0.5, 17.375, 18.75]
1136	Bryant	[0.6976744186046512, 18.379310344827587, 17.0, 0.4583333333333333, 16.857142857142858, 17.76103896103896, 0.0, 23.77777777777778, 24.0]
1137	Bucknell	[0.75, 17.059490084985836, 15.490084985835693, 0.5416666666666666, 16.444444444444443, 16.217054263565892, 0.6666666666666666, 14.666666666666666, 14.333333333333334]
1138	Buffalo	[0.7692307692307693, 18.715654952076676, 16.357827476038338, 0.4523809523809524, 17.17507418397626, 17.41839762611276, 0.3333333333333333, 16.61855670103093, 16.824742268041238]
1139	Butler	[0.7333333333333333, 17.770491803278688, 15.114754098360656, 0.5454545454545454, 15.796992481203008, 16.18045112781955, 0.5238095238095238, 16.46511627906977, 16.325581395348838]
1140	BYU	[0.8409090909090909, 20.560906515580736, 17.20113314447592, 0.5588235294117647, 19.39855072463768, 18.782608695652176, 0.45, 19.548780487804876, 19.48780487804878]
1141	C Michigan	[0.6153846153846154, 18.100946372239747, 17.318611987381704, 0.23809523809523808, 16.881656804733726, 18.414201183431953, 0.6666666666666666, 17.041666666666668, 16.5]
1142	Cal Poly SLO	[0.6451612903225806, 16.29032258064516, 15.17741935483871, 0.26666666666666666, 14.989010989010989, 16.456043956043956, 0.5833333333333334, 15.145833333333334, 14.0625]
1143	California	[0.6862745098039216, 17.300970873786408, 15.815533980582524, 0.48484848484848486, 16.633962264150945, 17.713207547169812, 0.5, 17.008849557522122, 17.04424778761062]
1144	Campbell	[0.4864864864864865, 16.446666666666665, 16.72, 0.18181818181818182, 15.96629213483146, 18.213483146067414, 0.16666666666666666, 16.122448979591837, 18.448979591836736]
1145	Canisius	[0.725, 18.432098765432098, 16.833333333333332, 0.4888888888888889, 17.106849315068494, 17.046575342465754, 0.5, 17.90625, 17.875]
1146	Cent Arkansas	[0.3333333333333333, 17.660377358490567, 19.28930817610063, 0.13953488372093023, 17.13872832369942, 20.838150289017342, 0.0, 16.875, 18.5]
1147	Centenary	['Nan', 'Nan', 'Nan', 'Nan', 'Nan', 'Nan', 'Nan', 'Nan', 'Nan']
1148	Central Conn	[0.3783783783783784, 16.76, 17.906666666666666, 0.2978723404255319, 16.798941798941797, 19.158730158730158, 0.0, 14.816326530612244, 16.897959183673468]
1149	Charleston So	[0.6666666666666666, 19.442379182156134, 17.345724907063197, 0.36363636363636365, 16.905027932960895, 17.64804469273743, 0.6, 17.1, 16.9]
1150	Charlotte	[0.6744186046511628, 17.544159544159545, 16.273504273504273, 0.3611111111111111, 17.38144329896907, 18.625429553264606, 0.625, 17.415384615384614, 17.353846153846153]
1151	Chattanooga	[0.6904761904761905, 17.994082840236686, 17.08284023668639, 0.38095238095238093, 16.542274052478135, 18.314868804664723, 0.2, 18.25, 19.1]
1152	Chicago St	[0.5161290322580645, 16.784, 16.872, 0.13725490196078433, 14.599520383693045, 18.11990407673861, 0.0, 14.0, 16.0]
1153	Cincinnati	[0.8363636363636363, 17.44018058690745, 14.01805869074492, 0.5666666666666667, 15.012345679012345, 14.716049382716049, 0.5294117647058824, 14.788321167883211, 14.554744525547445]
1154	Citadel	[0.3235294117647059, 16.375, 17.852941176470587, 0.13953488372093023, 15.203438395415473, 18.59025787965616, 0.14285714285714285, 15.821428571428571, 18.25]
1155	Clemson	[0.6666666666666666, 16.205655526992288, 14.09254498714653, 0.30303030303030304, 14.06015037593985, 15.954887218045112, 0.5384615384615384, 16.304761904761904, 14.914285714285715]
1156	Cleveland St	[0.7105263157894737, 17.104575163398692, 15.287581699346406, 0.3541666666666667, 16.03598971722365, 17.336760925449873, 0.6666666666666666, 16.96, 15.52]
1157	Coastal Car	[0.7380952380952381, 17.51764705882353, 15.735294117647058, 0.3902439024390244, 16.628048780487806, 17.378048780487806, 0.5, 17.0625, 17.125]
1158	Col Charleston	[0.5217391304347826, 15.794594594594594, 15.437837837837838, 0.4358974358974359, 15.335443037974683, 15.664556962025317, 0.4166666666666667, 14.75, 16.354166666666668]
1159	Colgate	[0.55, 16.84923076923077, 15.84, 0.2830188679245283, 15.734265734265735, 17.14219114219114, 1.0, 22.0, 21.0]
1160	Colorado	[0.7959183673469388, 18.414141414141415, 16.0, 0.3235294117647059, 15.29496402877698, 16.79136690647482, 0.5294117647058824, 16.175182481751825, 16.78832116788321]
1161	Colorado St	[0.8333333333333334, 18.703125, 15.994791666666666, 0.4444444444444444, 16.924137931034483, 17.220689655172414, 0.7272727272727273, 17.363636363636363, 15.818181818181818]
1162	Columbia	[0.5952380952380952, 16.668639053254438, 15.201183431952662, 0.35135135135135137, 14.96989966555184, 15.478260869565217, 0.5, 16.1875, 16.9375]
1163	Connecticut	[0.7916666666666666, 17.37084398976982, 14.588235294117647, 0.4838709677419355, 16.448, 16.424, 0.76, 16.738916256157637, 15.950738916256158]
1164	Coppin St	[0.3225806451612903, 17.180722891566266, 18.29718875502008, 0.23529411764705882, 16.320388349514563, 19.305825242718445, 0.3, 17.175, 19.4]
1165	Cornell	[0.2972972972972973, 15.719063545150501, 16.99665551839465, 0.2727272727272727, 15.39943342776204, 17.886685552407933, 0.4, 17.4, 16.75]
1166	Creighton	[0.8, 19.43424317617866, 16.23821339950372, 0.4857142857142857, 17.209964412811388, 16.661921708185055, 0.631578947368421, 17.407894736842106, 16.36842105263158]
1167	CS Bakersfield	[0.5, 16.679536679536678, 16.20849420849421, 0.2619047619047619, 15.746312684365781, 17.014749262536874, 0.46153846153846156, 15.174311926605505, 15.045871559633028]
1168	CS Fullerton	[0.42105263157894735, 17.254901960784313, 17.80392156862745, 0.2222222222222222, 16.828729281767956, 18.403314917127073, 0.5714285714285714, 18.071428571428573, 17.0]
1169	CS Northridge	[0.4864864864864865, 18.06040268456376, 18.093959731543624, 0.17391304347826086, 16.93582887700535, 18.893048128342247, 0.8, 18.463414634146343, 17.390243902439025]
1170	CS Sacramento	[0.7777777777777778, 17.69655172413793, 16.47586206896552, 0.28888888888888886, 15.805555555555555, 17.433333333333334, 0.3333333333333333, 19.083333333333332, 19.166666666666668]
1171	Dartmouth	[0.5135135135135135, 16.187290969899667, 16.17391304347826, 0.29545454545454547, 15.274787535410765, 16.328611898016998, 'Nan', 'Nan', 'Nan']
1172	Davidson	[0.8378378378378378, 19.2751677852349, 14.89261744966443, 0.717948717948718, 19.365079365079364, 18.06984126984127, 0.42105263157894735, 17.137254901960784, 18.15686274509804]
1173	Dayton	[0.84, 18.24438902743142, 15.371571072319203, 0.4375, 16.846153846153847, 17.107692307692307, 0.6363636363636364, 16.897727272727273, 16.238636363636363]
1174	Delaware	[0.631578947368421, 17.779935275080906, 17.15210355987055, 0.5, 17.71502590673575, 18.29015544041451, 0.5, 17.95876288659794, 18.63917525773196]
1175	Delaware St	[0.5, 15.851851851851851, 15.539094650205762, 0.3137254901960784, 15.239709443099274, 17.60774818401937, 0.45454545454545453, 15.842696629213483, 16.1123595505618]
1176	Denver	[0.7045454545454546, 17.301408450704226, 14.923943661971832, 0.38461538461538464, 14.529968454258675, 15.041009463722398, 0.2857142857142857, 15.0, 16.285714285714285]
1177	DePaul	[0.48, 17.792079207920793, 17.905940594059405, 0.2777777777777778, 17.04794520547945, 19.0, 0.09090909090909091, 16.15909090909091, 19.522727272727273]
1178	Detroit	[0.625, 18.484662576687118, 17.177914110429448, 0.3191489361702128, 17.264550264550266, 18.333333333333332, 0.5, 16.125, 16.25]
1179	Drake	[0.5609756097560976, 17.337349397590362, 17.253012048192772, 0.25, 15.114186851211073, 17.377162629757784, 0.2857142857142857, 16.106194690265486, 16.849557522123895]
1180	Drexel	[0.47368421052631576, 15.511254019292604, 15.659163987138264, 0.46153846153846156, 15.83596214511041, 16.0, 0.3076923076923077, 15.514018691588785, 16.46728971962617]
1181	Duke	[0.9795918367346939, 20.931297709923665, 15.857506361323155, 0.6206896551724138, 18.512820512820515, 17.478632478632477, 0.78125, 18.2421875, 16.015625]
1182	Duquesne	[0.4444444444444444, 17.97245179063361, 18.110192837465565, 0.28205128205128205, 17.525641025641026, 19.326923076923077, 0.16666666666666666, 14.75, 17.916666666666668]
1183	E Illinois	[0.4722222222222222, 16.323024054982817, 16.522336769759452, 0.3181818181818182, 15.181818181818182, 17.073863636363637, 0.5, 15.5, 17.03125]
1184	E Kentucky	[0.8421052631578947, 18.445901639344264, 16.321311475409836, 0.5454545454545454, 17.775280898876403, 17.09550561797753, 0.5555555555555556, 18.805555555555557, 18.083333333333332]
1185	E Michigan	[0.7555555555555555, 16.110192837465565, 14.28099173553719, 0.24390243902439024, 14.740963855421686, 16.89156626506024, 0.5714285714285714, 14.964285714285714, 15.464285714285714]
1186	E Washington	[0.6578947368421053, 18.863636363636363, 17.733766233766232, 0.34782608695652173, 17.827493261455526, 19.223719676549866, 0.625, 20.65625, 19.5625]
1187	East Carolina	[0.6153846153846154, 17.68888888888889, 16.85079365079365, 0.24324324324324326, 16.304054054054053, 18.41891891891892, 0.6, 17.97530864197531, 17.48148148148148]
1188	Edwardsville	[0.6285714285714286, 17.19572953736655, 16.76156583629893, 0.0975609756097561, 15.993920972644377, 18.565349544072948, 0.0, 17.5, 19.0625]
1189	Elon	[0.6756756756756757, 17.558528428093645, 16.642140468227424, 0.47619047619047616, 16.87905604719764, 17.404129793510325, 0.2727272727272727, 16.31111111111111, 17.822222222222223]
1190	ETSU	[0.5853658536585366, 18.83132530120482, 18.759036144578314, 0.34782608695652173, 16.25, 17.929347826086957, 0.0, 12.666666666666666, 16.606060606060606]
1191	Evansville	[0.6739130434782609, 17.46524064171123, 16.28342245989305, 0.3333333333333333, 15.987261146496815, 17.229299363057326, 0.42857142857142855, 15.821428571428571, 16.107142857142858]
1192	F Dickinson	[0.29411764705882354, 17.72992700729927, 19.27007299270073, 0.21568627450980393, 15.699757869249394, 18.765133171912833, 0.6666666666666666, 17.416666666666668, 16.833333333333332]
1193	Fairfield	[0.3902439024390244, 15.145454545454545, 15.503030303030304, 0.25, 15.543661971830986, 16.867605633802818, 0.5, 13.494949494949495, 14.686868686868687]
1194	FL Atlantic	[0.5, 16.947712418300654, 16.673202614379086, 0.17777777777777778, 15.022099447513812, 17.30939226519337, 0.2, 16.4390243902439, 17.853658536585368]
1195	FL Gulf Coast	[0.8604651162790697, 18.040462427745666, 15.242774566473988, 0.4418604651162791, 17.24712643678161, 18.04022988505747, 0.7, 16.7, 15.35]
1196	Florida	[0.8958333333333334, 17.84935064935065, 13.454545454545455, 0.5428571428571428, 16.562277580071175, 15.238434163701067, 0.7307692307692307, 16.33492822966507, 14.507177033492823]
1197	Florida A&M	[0.4482758620689655, 15.016949152542374, 16.43220338983051, 0.0784313725490196, 15.643031784841076, 19.290953545232274, 0.375, 16.369230769230768, 17.138461538461538]
1198	Florida Intl	[0.6666666666666666, 16.761245674740483, 16.14532871972318, 0.37777777777777777, 16.392265193370164, 18.093922651933703, 0.4, 15.463414634146341, 16.146341463414632]
1199	Florida St	[0.6326530612244898, 17.64467005076142, 16.385786802030456, 0.375, 15.6875, 17.0390625, 0.6470588235294118, 17.226277372262775, 17.05109489051095]
1200	Fordham	[0.43902439024390244, 17.44848484848485, 17.496969696969696, 0.09523809523809523, 15.904761904761905, 19.779761904761905, 0.4444444444444444, 16.416666666666668, 17.47222222222222]
1201	Fresno St	[0.5789473684210527, 16.263665594855304, 15.762057877813504, 0.32558139534883723, 15.770114942528735, 17.155172413793103, 0.125, 14.84375, 16.875]
1202	Furman	[0.34285714285714286, 16.148936170212767, 17.368794326241133, 0.1111111111111111, 14.703601108033242, 18.393351800554015, 0.5714285714285714, 15.107142857142858, 15.321428571428571]
1203	G Washington	[0.7727272727272727, 18.365168539325843, 15.410112359550562, 0.39473684210526316, 15.828947368421053, 16.736842105263158, 0.6428571428571429, 16.72566371681416, 16.194690265486727]
1204	Ga Southern	[0.5757575757575758, 16.684014869888475, 15.858736059479554, 0.391304347826087, 15.973045822102426, 17.099730458221025, 0.5454545454545454, 14.386363636363637, 14.681818181818182]
1205	Gardner Webb	[0.7096774193548387, 17.92217898832685, 16.79377431906615, 0.391304347826087, 16.40106951871658, 17.21390374331551, 0.6923076923076923, 16.867924528301888, 16.339622641509433]
1206	George Mason	[0.4634146341463415, 16.714714714714713, 17.015015015015017, 0.37142857142857144, 16.473498233215548, 16.897526501766784, 0.29411764705882354, 15.779411764705882, 16.926470588235293]
1207	Georgetown	[0.8541666666666666, 17.594805194805193, 14.784415584415584, 0.4642857142857143, 15.93886462882096, 16.323144104803493, 0.5, 16.76829268292683, 16.25609756097561]
1208	Georgia	[0.76, 16.56019656019656, 14.82063882063882, 0.4411764705882353, 15.725631768953068, 16.47653429602888, 0.15384615384615385, 16.48076923076923, 17.942307692307693]
1209	Georgia St	[0.7894736842105263, 18.478964401294498, 15.805825242718447, 0.5106382978723404, 17.07894736842105, 16.768421052631577, 0.7, 17.753086419753085, 15.753086419753087]
1210	Georgia Tech	[0.58, 16.3681592039801, 15.238805970149254, 0.30303030303030304, 15.686567164179104, 17.119402985074625, 0.4166666666666667, 15.571428571428571, 15.959183673469388]
1211	Gonzaga	[0.9555555555555556, 20.211111111111112, 14.777777777777779, 0.8181818181818182, 18.233962264150943, 16.00754716981132, 0.8214285714285714, 18.446428571428573, 16.392857142857142]
1212	Grambling	[0.07407407407407407, 14.62037037037037, 18.564814814814813, 0.0196078431372549, 13.318627450980392, 19.764705882352942, 0.25, 15.0625, 17.4375]
1213	Grand Canyon	[0.6153846153846154, 17.66346153846154, 17.067307692307693, 0.36, 16.72636815920398, 18.238805970149254, 0.5, 17.5625, 18.5625]
1214	Hampton	[0.5945945945945946, 17.119205298013245, 16.165562913907284, 0.43478260869565216, 16.02139037433155, 16.93048128342246, 0.5384615384615384, 17.26923076923077, 16.75]
1215	Hardin-Simmons	['Nan', 'Nan', 'Nan', 'Nan', 'Nan', 'Nan', 'Nan', 'Nan', 'Nan']
1216	Hartford	[0.6410256410256411, 15.403174603174604, 14.93968253968254, 0.45652173913043476, 15.512195121951219, 16.471544715447155, 0.14285714285714285, 16.357142857142858, 17.642857142857142]
1217	Harvard	[0.8888888888888888, 17.68384879725086, 14.694158075601374, 0.6341463414634146, 16.160714285714285, 15.410714285714286, 0.6363636363636364, 16.477272727272727, 15.795454545454545]
1218	Hawaii	[0.7037037037037037, 18.69724770642202, 16.853211009174313, 0.4074074074074074, 17.972350230414747, 18.63594470046083, 0.45454545454545453, 17.528089887640448, 18.49438202247191]
1219	High Point	[0.7058823529411765, 17.693430656934307, 16.7007299270073, 0.4772727272727273, 16.921787709497206, 17.391061452513966, 0.5, 16.641509433962263, 16.22641509433962]
1220	Hofstra	[0.46511627906976744, 17.179190751445088, 16.809248554913296, 0.26666666666666666, 16.57617728531856, 17.761772853185594, 0.4444444444444444, 18.43243243243243, 18.27027027027027]
1221	Holy Cross	[0.6578947368421053, 16.6084142394822, 15.760517799352751, 0.3404255319148936, 15.243386243386244, 16.502645502645503, 0.5, 17.083333333333332, 17.0]
1222	Houston	[0.673469387755102, 18.32323232323232, 16.515151515151516, 0.2857142857142857, 16.447552447552447, 18.566433566433567, 0.45454545454545453, 16.629213483146067, 17.573033707865168]
1223	Houston Bap	[0.4482758620689655, 17.572649572649574, 18.196581196581196, 0.13043478260869565, 15.159029649595688, 18.700808625336926, 0.6666666666666666, 16.04, 16.0]
1224	Howard	[0.4444444444444444, 15.205479452054794, 14.812785388127853, 0.20754716981132076, 13.905882352941177, 16.814117647058822, 0.2222222222222222, 13.479452054794521, 16.356164383561644]
1225	Idaho	[0.5405405405405406, 18.006688963210703, 17.59197324414716, 0.2857142857142857, 17.46783625730994, 18.695906432748536, 0.45454545454545453, 18.204545454545453, 19.136363636363637]
1226	Idaho St	[0.45454545454545453, 17.090225563909776, 16.93984962406015, 0.08888888888888889, 14.898071625344352, 17.123966942148762, 0.0, 13.183673469387756, 15.959183673469388]
1227	IL Chicago	[0.375, 16.149532710280372, 16.7601246105919, 0.20512820512820512, 15.117460317460317, 17.409523809523808, 0.38461538461538464, 16.96153846153846, 17.76923076923077]
1228	Illinois	[0.7346938775510204, 17.756345177664976, 15.598984771573605, 0.375, 15.077519379844961, 15.968992248062015, 0.631578947368421, 17.026315789473685, 16.092105263157894]
1229	Illinois St	[0.7111111111111111, 18.016574585635357, 15.458563535911603, 0.39473684210526316, 16.957928802588995, 17.883495145631066, 0.5, 16.63917525773196, 16.47422680412371]
1230	Incarnate Word	[0.8125, 19.81679389312977, 18.091603053435115, 0.43478260869565216, 18.20212765957447, 18.79787234042553, 'Nan', 'Nan', 'Nan']
1231	Indiana	[0.8214285714285714, 20.125, 16.03125, 0.42857142857142855, 17.44, 17.502222222222223, 0.4444444444444444, 17.768707482993197, 17.360544217687075]
1232	Indiana St	[0.725, 16.615384615384617, 15.526153846153846, 0.4358974358974359, 17.044585987261147, 17.426751592356688, 0.46153846153846156, 15.30188679245283, 16.867924528301888]
1233	Iona	[0.9210526315789473, 21.224755700325733, 18.28013029315961, 0.5106382978723404, 19.181102362204726, 18.834645669291337, 0.6, 19.834710743801654, 18.975206611570247]
1234	Iowa	[0.8113207547169812, 19.162352941176472, 15.152941176470588, 0.41935483870967744, 17.296442687747035, 17.43083003952569, 0.4375, 17.14503816793893, 16.641221374045802]
1235	Iowa St	[0.9387755102040817, 20.883248730964468, 16.67005076142132, 0.42424242424242425, 18.8, 19.007407407407406, 0.6956521739130435, 19.037837837837838, 17.945945945945947]
1236	IPFW	[0.6857142857142857, 18.419928825622776, 17.09608540925267, 0.4090909090909091, 16.203966005665723, 17.01416430594901, 0.6, 17.46987951807229, 16.40963855421687]
1237	IUPUI	[0.24324324324324326, 15.822368421052632, 17.74342105263158, 0.15555555555555556, 15.076923076923077, 18.35164835164835, 0.125, 15.9375, 18.40625]
1238	Jackson St	[0.5454545454545454, 16.200743494423794, 15.241635687732343, 0.2545454545454545, 15.615384615384615, 17.615384615384617, 0.25, 17.0, 18.3125]
1239	Jacksonville	[0.5833333333333334, 17.273972602739725, 17.671232876712327, 0.14583333333333334, 16.304123711340207, 19.309278350515463, 0.3333333333333333, 17.0, 19.0]
1240	Jacksonville St	[0.6363636363636364, 16.739622641509435, 16.618867924528303, 0.19148936170212766, 14.997361477572559, 17.46174142480211, 0.75, 14.909090909090908, 14.181818181818182]
1241	James Madison	[0.627906976744186, 16.853025936599423, 16.2478386167147, 0.36585365853658536, 15.45288753799392, 17.112462006079028, 0.6, 16.433333333333334, 16.716666666666665]
1242	Kansas	[0.9574468085106383, 19.936507936507937, 15.682539682539682, 0.5483870967741935, 17.317460317460316, 16.88888888888889, 0.7, 17.826446280991735, 16.421487603305785]
1243	Kansas St	[0.86, 17.541147132169577, 14.922693266832917, 0.3333333333333333, 15.580246913580247, 16.97119341563786, 0.42105263157894735, 15.960526315789474, 16.263157894736842]
1244	Kennesaw	[0.21621621621621623, 15.635135135135135, 17.466216216216218, 0.12244897959183673, 15.209068010075567, 19.007556675062972, 0.3333333333333333, 17.0, 18.0]
1245	Kent	[0.6382978723404256, 17.37203166226913, 16.45910290237467, 0.5121951219512195, 16.608955223880596, 16.459701492537313, 0.5, 16.083333333333332, 15.541666666666666]
1246	Kentucky	[0.9272727272727272, 19.5, 14.63963963963964, 0.6129032258064516, 16.92063492063492, 16.285714285714285, 0.72, 17.7, 15.49]
1247	La Salle	[0.7073170731707317, 17.706586826347305, 16.11377245508982, 0.46153846153846156, 15.658227848101266, 16.10759493670886, 0.5, 16.73611111111111, 16.61111111111111]
1248	Lafayette	[0.6511627906976745, 18.3757225433526, 17.53179190751445, 0.37254901960784315, 17.073170731707318, 18.351219512195122, 0.0, 13.0, 23.25]
1249	Lamar	[0.3235294117647059, 16.50181818181818, 17.57090909090909, 0.08333333333333333, 15.625, 19.947916666666668, 0.6, 18.45, 18.05]
1250	Lehigh	[0.65, 17.5625, 16.0875, 0.44680851063829785, 16.449086161879894, 17.065274151436032, 0.6666666666666666, 18.5, 16.666666666666668]
1251	Liberty	[0.3611111111111111, 17.058823529411764, 17.54325259515571, 0.14285714285714285, 16.088495575221238, 18.123893805309734, 0.4166666666666667, 15.854166666666666, 16.770833333333332]
1252	Lipscomb	[0.5882352941176471, 18.85090909090909, 18.741818181818182, 0.3076923076923077, 17.002375296912113, 19.387173396674584, 'Nan', 'Nan', 'Nan']
1253	Long Beach St	[0.7272727272727273, 16.954545454545453, 15.280303030303031, 0.3404255319148936, 16.827225130890053, 18.680628272251308, 0.36363636363636365, 16.636363636363637, 17.386363636363637]
1254	Long Island	[0.5675675675675675, 17.933333333333334, 17.64666666666667, 0.3695652173913043, 18.482573726541556, 19.41554959785523, 0.3, 16.05, 19.275]
1255	Longwood	[0.21875, 17.015503875968992, 19.162790697674417, 0.14893617021276595, 15.846153846153847, 20.042440318302386, 0.4166666666666667, 18.632653061224488, 19.142857142857142]
1256	Louisiana Tech	[0.975609756097561, 19.3109756097561, 14.798780487804878, 0.627906976744186, 18.115606936416185, 17.277456647398843, 0.6666666666666666, 18.61855670103093, 16.577319587628867]
1257	Louisville	[0.8679245283018868, 18.894117647058824, 14.188235294117646, 0.75, 17.938697318007662, 15.35632183908046, 0.8214285714285714, 18.69333333333333, 15.537777777777778]
1258	Loy Marymount	[0.35135135135135137, 16.727272727272727, 17.62962962962963, 0.1794871794871795, 15.765079365079366, 18.355555555555554, 0.5294117647058824, 16.536231884057973, 17.536231884057973]
1259	Loyola MD	[0.6, 16.220183486238533, 15.859327217125383, 0.30434782608695654, 15.099195710455763, 17.276139410187668, 0.8, 14.926829268292684, 13.75609756097561]
1260	Loyola-Chicago	[0.5384615384615384, 16.798722044728436, 15.993610223642172, 0.30952380952380953, 14.805882352941177, 15.958823529411765, 0.6, 15.876543209876543, 15.185185185185185]
1261	LSU	[0.8, 18.545454545454547, 16.520884520884522, 0.4411764705882353, 17.63768115942029, 17.86231884057971, 0.4166666666666667, 16.551020408163264, 16.816326530612244]
1262	MA Lowell	[0.47619047619047616, 15.502958579881657, 16.5207100591716, 0.29411764705882354, 14.64, 17.221818181818183, 'Nan', 'Nan', 'Nan']
1263	Maine	[0.35294117647058826, 16.534798534798536, 18.175824175824175, 0.1, 16.02493765586035, 19.4214463840399, 0.3333333333333333, 17.04, 20.64]
1264	Manhattan	[0.7352941176470589, 17.215827338129497, 15.654676258992806, 0.46808510638297873, 16.62992125984252, 16.929133858267715, 0.6470588235294118, 16.7007299270073, 15.474452554744525]
1265	Marist	[0.47368421052631576, 17.111842105263158, 16.960526315789473, 0.18604651162790697, 15.76, 18.114285714285714, 0.23076923076923078, 14.514285714285714, 16.704761904761906]
1266	Marquette	[0.7551020408163265, 17.65829145728643, 15.849246231155778, 0.30303030303030304, 15.580882352941176, 16.514705882352942, 0.5294117647058824, 16.794117647058822, 16.691176470588236]
1267	Marshall	[0.5681818181818182, 17.53541076487252, 16.74787535410765, 0.10256410256410256, 16.367088607594937, 19.50632911392405, 0.1111111111111111, 15.333333333333334, 17.194444444444443]
1268	Maryland	[0.8518518518518519, 18.37875288683603, 15.621247113163973, 0.36666666666666664, 15.755102040816327, 16.775510204081634, 0.5882352941176471, 17.647058823529413, 16.61764705882353]
1269	Massachusetts	[0.7317073170731707, 18.593939393939394, 17.169696969696968, 0.5555555555555556, 17.363321799307958, 17.750865051903116, 0.6, 18.571428571428573, 18.658385093167702]
1270	McNeese St	[0.59375, 17.46718146718147, 17.436293436293436, 0.2222222222222222, 15.530054644808743, 18.2896174863388, 0.2857142857142857, 16.56140350877193, 19.403508771929825]
1271	MD E Shore	[0.4482758620689655, 16.748936170212765, 16.782978723404256, 0.24, 15.34, 18.22, 0.0, 13.972222222222221, 16.72222222222222]
1272	Memphis	[0.8113207547169812, 18.821596244131456, 15.906103286384976, 0.6206896551724138, 17.435897435897434, 16.905982905982906, 0.5789473684210527, 16.883116883116884, 17.0]
1273	Mercer	[0.8780487804878049, 17.668639053254438, 14.55621301775148, 0.4888888888888889, 16.726775956284154, 16.557377049180328, 0.3, 15.121951219512194, 15.75609756097561]
1274	Miami FL	[0.6808510638297872, 16.63350785340314, 14.722513089005236, 0.6486486486486487, 16.308724832214764, 15.483221476510067, 0.6111111111111112, 16.273972602739725, 15.191780821917808]
1275	Miami OH	[0.5121951219512195, 16.96385542168675, 17.02409638554217, 0.2608695652173913, 15.401617250673855, 17.552560646900268, 0.0, 13.1875, 15.875]
1276	Michigan	[0.8163265306122449, 18.243037974683546, 14.962025316455696, 0.45161290322580644, 16.5748031496063, 16.992125984251967, 0.7307692307692307, 17.514285714285716, 16.0]
1277	Michigan St	[0.8163265306122449, 18.12, 14.84, 0.625, 17.2015503875969, 16.023255813953487, 0.7096774193548387, 17.248, 16.088]
1278	Minnesota	[0.7924528301886793, 18.685446009389672, 15.56338028169014, 0.2903225806451613, 15.818181818181818, 16.885375494071145, 0.42857142857142855, 17.214285714285715, 18.035714285714285]
1279	Mississippi	[0.74, 19.264197530864198, 16.735802469135802, 0.5, 17.93793103448276, 17.924137931034483, 0.7058823529411765, 18.014598540145986, 16.744525547445257]
1280	Mississippi St	[0.5416666666666666, 15.778350515463918, 15.757731958762887, 0.12121212121212122, 15.636363636363637, 18.62878787878788, 0.4, 16.116666666666667, 17.45]
1281	Missouri	[0.8, 18.258706467661693, 15.990049751243781, 0.16666666666666666, 16.05785123966942, 18.016528925619834, 0.4444444444444444, 16.8843537414966, 17.41496598639456]
1282	Missouri KC	[0.37142857142857144, 16.73498233215548, 17.19434628975265, 0.2765957446808511, 15.248677248677248, 18.174603174603174, 0.3333333333333333, 16.666666666666668, 17.083333333333332]
1283	Missouri St	[0.6341463414634146, 15.987987987987989, 15.543543543543544, 0.20512820512820512, 14.566878980891719, 17.337579617834393, 0.2727272727272727, 14.933333333333334, 16.511111111111113]
1284	Monmouth NJ	[0.4772727272727273, 16.876404494382022, 17.089887640449437, 0.3191489361702128, 15.851851851851851, 17.444444444444443, 0.6, 17.55, 18.05]
1285	Montana	[0.8048780487804879, 17.53753753753754, 15.885885885885886, 0.5227272727272727, 16.795640326975477, 16.81198910081744, 0.0, 13.083333333333334, 19.666666666666668]
1286	Montana St	[0.48717948717948717, 16.848101265822784, 17.145569620253166, 0.22727272727272727, 15.892351274787535, 18.526912181303118, 0.0, 16.75, 18.416666666666668]
1287	Morehead St	[0.5555555555555556, 18.05442176870748, 17.510204081632654, 0.425531914893617, 17.16842105263158, 17.58421052631579, 0.5454545454545454, 18.06741573033708, 17.55056179775281]
1288	Morgan St	[0.5666666666666667, 16.84426229508197, 16.262295081967213, 0.2857142857142857, 16.156565656565657, 17.858585858585858, 0.5333333333333333, 16.737704918032787, 16.59016393442623]
1289	Morris Brown	['Nan', 'Nan', 'Nan', 'Nan', 'Nan', 'Nan', 'Nan', 'Nan', 'Nan']
1290	MS Valley St	[0.4074074074074074, 17.636363636363637, 18.10909090909091, 0.07407407407407407, 15.393518518518519, 20.27777777777778, 0.25, 16.9375, 19.53125]
1291	Mt St Mary's	[0.7631578947368421, 17.921824104234528, 16.592833876221498, 0.34545454545454546, 16.87191011235955, 18.552808988764045, 0.5, 15.625, 15.625]
1292	MTSU	[0.8837209302325582, 18.115606936416185, 14.31791907514451, 0.5609756097560976, 15.619047619047619, 15.619047619047619, 0.4666666666666667, 15.223140495867769, 15.570247933884298]
1293	Murray St	[0.8378378378378378, 19.13422818791946, 16.456375838926174, 0.631578947368421, 18.31715210355987, 17.689320388349515, 0.45454545454545453, 18.224719101123597, 18.359550561797754]
1294	N Colorado	[0.7297297297297297, 18.66, 16.966666666666665, 0.2391304347826087, 16.908602150537636, 18.451612903225808, 0.6666666666666666, 15.666666666666666, 14.916666666666666]
1295	N Dakota St	[0.9393939393939394, 17.449056603773585, 14.007547169811321, 0.5348837209302325, 16.664739884393065, 16.722543352601157, 0.75, 16.323076923076922, 14.8]
1296	N Illinois	[0.46511627906976744, 15.203438395415473, 15.426934097421203, 0.24444444444444444, 14.351648351648352, 16.318681318681318, 0.0, 12.0, 13.25]
1297	N Kentucky	[0.5277777777777778, 16.52413793103448, 16.041379310344826, 0.2727272727272727, 16.056338028169016, 17.802816901408452, 0.0, 14.6, 17.5]
1298	Navy	[0.425, 15.037267080745341, 15.378881987577639, 0.17391304347826086, 14.07027027027027, 16.54054054054054, 0.5, 13.5625, 14.4375]
1299	NC A&T	[0.59375, 15.876447876447877, 15.420849420849422, 0.15384615384615385, 14.7242206235012, 17.741007194244606, 0.5384615384615384, 15.676190476190476, 15.58095238095238]
1300	NC Central	[0.9375, 17.2015503875969, 13.426356589147288, 0.6444444444444445, 16.12121212121212, 15.173553719008265, 0.6666666666666666, 17.145833333333332, 14.145833333333334]
1301	NC State	[0.7678571428571429, 19.04635761589404, 16.781456953642383, 0.4375, 16.591439688715955, 17.151750972762645, 0.5789473684210527, 17.62091503267974, 17.30718954248366]
1302	NE Illinois	['Nan', 'Nan', 'Nan', 'Nan', 'Nan', 'Nan', 'Nan', 'Nan', 'Nan']
1303	NE Omaha	[0.5588235294117647, 19.582417582417584, 19.047619047619047, 0.2916666666666667, 18.07751937984496, 20.108527131782946, 0.5, 18.625, 19.875]
1304	Nebraska	[0.72, 16.16915422885572, 14.965174129353233, 0.17142857142857143, 14.01423487544484, 16.839857651245552, 0.45454545454545453, 16.764044943820224, 17.123595505617978]
1305	Nevada	[0.4772727272727273, 16.803370786516854, 16.758426966292134, 0.3, 15.865443425076453, 17.932721712538225, 0.0, 16.535714285714285, 19.071428571428573]
1306	New Hampshire	[0.4594594594594595, 15.3421926910299, 15.448504983388704, 0.2765957446808511, 14.643799472295514, 15.767810026385224, 0.0, 12.75, 17.25]
1307	New Mexico	[0.8260869565217391, 17.372972972972974, 14.854054054054053, 0.6, 16.07017543859649, 15.69122807017544, 0.631578947368421, 16.727272727272727, 16.25974025974026]
1308	New Mexico St	[0.9090909090909091, 18.311614730878187, 14.855524079320114, 0.46511627906976744, 17.111747851002864, 16.865329512893982, 0.6428571428571429, 16.07079646017699, 15.36283185840708]
1309	New Orleans	[0.48148148148148145, 17.739910313901344, 18.278026905829595, 0.16666666666666666, 16.083333333333332, 19.857142857142858, 0.3333333333333333, 15.916666666666666, 16.75]
1310	Niagara	[0.4523809523809524, 18.17008797653959, 18.0, 0.27906976744186046, 16.997101449275362, 19.055072463768116, 0.3, 18.75, 20.0]
1311	Nicholls St	[0.5666666666666667, 17.16393442622951, 16.92622950819672, 0.22916666666666666, 15.8656330749354, 18.857881136950905, 0.16666666666666666, 16.625, 18.458333333333332]
1312	NJIT	[0.6333333333333333, 17.5327868852459, 16.75409836065574, 0.36363636363636365, 16.3876404494382, 17.43258426966292, 0.0, 15.25, 15.5]
1313	Norfolk St	[0.7741935483870968, 18.42570281124498, 16.89156626506024, 0.5, 16.144329896907216, 16.603092783505154, 0.5, 15.947368421052632, 16.31578947368421]
1314	North Carolina	[0.7959183673469388, 19.604060913705585, 16.517766497461928, 0.5588235294117647, 17.970909090909092, 17.592727272727274, 0.6666666666666666, 19.520833333333332, 18.09375]
1315	North Dakota	[0.5, 17.67883211678832, 17.445255474452555, 0.2978723404255319, 16.75862068965517, 18.97082228116711, 0.5, 17.34375, 18.0]
1316	North Florida	[0.6666666666666666, 18.765151515151516, 17.242424242424242, 0.37037037037037035, 16.674364896073904, 18.254041570438797, 0.6666666666666666, 18.458333333333332, 16.333333333333332]
1317	North Texas	[0.5348837209302325, 16.710982658959537, 16.68208092485549, 0.2894736842105263, 16.116883116883116, 18.032467532467532, 0.375, 16.276923076923076, 17.415384615384614]
1318	Northeastern	[0.5128205128205128, 17.19496855345912, 16.82389937106918, 0.55, 16.21472392638037, 16.441717791411044, 0.6, 16.9875, 16.4375]
1319	Northern Arizona	[0.6666666666666666, 17.513698630136986, 16.623287671232877, 0.32, 16.376237623762375, 18.425742574257427, 0.3333333333333333, 14.0, 15.205479452054794]
1320	Northern Iowa	[0.8837209302325582, 17.54335260115607, 14.710982658959537, 0.4722222222222222, 15.80952380952381, 15.863945578231293, 0.47058823529411764, 16.1021897810219, 15.445255474452555]
1321	Northwestern	[0.5, 15.28310502283105, 15.237442922374429, 0.3333333333333333, 15.00377358490566, 16.633962264150945, 0.4, 14.88888888888889, 16.123456790123456]
1322	Northwestern LA	[0.78125, 21.706563706563706, 19.513513513513512, 0.4444444444444444, 19.78393351800554, 20.42105263157895, 0.5714285714285714, 18.25, 19.071428571428573]
1323	Notre Dame	[0.8245614035087719, 18.680851063829788, 15.61276595744681, 0.42857142857142855, 16.504424778761063, 17.035398230088497, 0.65, 18.037037037037038, 17.098765432098766]
1324	Oakland	[0.7222222222222222, 19.10810810810811, 18.18243243243243, 0.2653061224489796, 17.321518987341772, 19.255696202531645, 0.0, 16.583333333333332, 18.958333333333332]
1325	Ohio	[0.7, 18.158024691358026, 15.990123456790123, 0.46153846153846156, 16.787301587301588, 17.663492063492065, 0.42857142857142855, 16.642857142857142, 17.571428571428573]
1326	Ohio St	[0.8793103448275862, 19.06236559139785, 14.335483870967742, 0.4666666666666667, 15.761316872427983, 15.662551440329219, 0.6842105263157895, 17.241830065359476, 16.431372549019606]
1327	Okla City	['Nan', 'Nan', 'Nan', 'Nan', 'Nan', 'Nan', 'Nan', 'Nan', 'Nan']
1328	Oklahoma	[0.8695652173913043, 19.8, 16.535135135135135, 0.46875, 17.715384615384615, 17.638461538461538, 0.5454545454545454, 16.937853107344633, 16.65536723163842]
1329	Oklahoma St	[0.8125, 18.838874680306905, 15.089514066496164, 0.3548387096774194, 17.115537848605577, 17.378486055776893, 0.631578947368421, 17.251612903225805, 16.503225806451614]
1330	Old Dominion	[0.58, 16.52970297029703, 15.376237623762377, 0.34285714285714286, 15.701067615658364, 16.768683274021353, 0.4444444444444444, 14.472222222222221, 15.305555555555555]
1331	Oral Roberts	[0.7058823529411765, 18.68864468864469, 16.82051282051282, 0.391304347826087, 16.60053619302949, 17.420911528150135, 0.5, 15.5625, 16.1875]
1332	Oregon	[0.8727272727272727, 19.435665914221218, 16.31602708803612, 0.5483870967741935, 17.813953488372093, 17.984496124031008, 0.6, 18.0, 17.714285714285715]
1333	Oregon St	[0.7142857142857143, 17.878481012658227, 16.065822784810127, 0.24242424242424243, 16.172932330827066, 17.827067669172934, 0.2727272727272727, 17.181818181818183, 18.181818181818183]
1334	Pacific	[0.5945945945945946, 17.36, 17.026666666666667, 0.32432432432432434, 16.107744107744107, 17.663299663299664, 0.5625, 16.375, 17.0625]
1335	Penn	[0.39473684210526316, 16.34640522875817, 17.137254901960784, 0.24444444444444444, 15.434903047091412, 17.56786703601108, 0.0, 16.125, 18.8125]
1336	Penn St	[0.54, 17.10891089108911, 16.485148514851485, 0.28125, 15.57976653696498, 17.22178988326848, 0.4666666666666667, 16.338709677419356, 17.596774193548388]
1337	Pepperdine	[0.5384615384615384, 16.50955414012739, 16.49044585987261, 0.43902439024390244, 16.07250755287009, 16.821752265861026, 0.3333333333333333, 16.52777777777778, 17.13888888888889]
1338	Pittsburgh	[0.7962962962962963, 17.643835616438356, 14.54337899543379, 0.5357142857142857, 16.183406113537117, 15.965065502183407, 0.5263157894736842, 17.039473684210527, 15.328947368421053]
1339	Portland	[0.5348837209302325, 17.5, 16.892045454545453, 0.2702702702702703, 16.0, 17.839464882943144, 0.5454545454545454, 16.454545454545453, 16.25]
1340	Portland St	[0.6052631578947368, 18.212903225806453, 17.63225806451613, 0.24390243902439024, 16.56969696969697, 18.53939393939394, 0.3333333333333333, 16.083333333333332, 17.666666666666668]
1341	Prairie View	[0.5517241379310345, 17.779661016949152, 17.220338983050848, 0.22641509433962265, 15.223255813953488, 18.167441860465118, 0.5714285714285714, 16.821428571428573, 16.410714285714285]
1342	Presbyterian	[0.3125, 16.09338521400778, 17.35408560311284, 0.10869565217391304, 14.782608695652174, 19.081521739130434, 0.0, 14.10958904109589, 18.0]
1343	Princeton	[0.7567567567567568, 16.956228956228955, 15.272727272727273, 0.5, 16.62962962962963, 16.067901234567902, 0.3333333333333333, 17.166666666666668, 16.875]
1344	Providence	[0.7755102040816326, 17.845771144278608, 15.656716417910447, 0.4411764705882353, 16.58695652173913, 17.471014492753625, 0.5294117647058824, 16.62773722627737, 16.131386861313867]
1345	Purdue	[0.7254901960784313, 18.038740920096853, 15.7772397094431, 0.3225806451612903, 15.593625498007968, 16.764940239043824, 0.25, 16.68702290076336, 18.091603053435115]
1346	Quinnipiac	[0.6363636363636364, 17.56056338028169, 16.292957746478873, 0.4634146341463415, 18.513432835820897, 18.829850746268658, 0.42857142857142855, 18.71186440677966, 19.627118644067796]
1347	Radford	[0.6363636363636364, 18.18045112781955, 17.2406015037594, 0.4222222222222222, 16.816438356164383, 17.852054794520548, 0.6, 17.358024691358025, 16.617283950617285]
1348	Rhode Island	[0.6, 16.573002754820937, 15.305785123966942, 0.35135135135135137, 15.933110367892976, 17.224080267558527, 0.25, 15.125, 15.375]
1349	Rice	[0.3157894736842105, 15.435897435897436, 16.76923076923077, 0.16216216216216217, 14.805369127516778, 17.436241610738254, 0.09090909090909091, 15.692307692307692, 16.46153846153846]
1350	Richmond	[0.82, 17.230392156862745, 14.877450980392156, 0.3076923076923077, 15.71069182389937, 16.67924528301887, 0.375, 16.5, 16.625]
1351	Rider	[0.625, 16.811145510835914, 16.222910216718265, 0.5454545454545454, 16.850704225352114, 17.098591549295776, 0.36363636363636365, 16.382022471910112, 17.573033707865168]
1352	Robert Morris	[0.7391304347826086, 18.382749326145554, 16.657681940700808, 0.5294117647058824, 16.860635696821515, 17.276283618581907, 0.6, 17.1, 18.15]
1353	Rutgers	[0.47058823529411764, 16.622549019607842, 16.83823529411765, 0.2, 15.85, 18.492857142857144, 0.5555555555555556, 15.166666666666666, 16.77777777777778]
1354	S Carolina St	[0.40625, 16.115830115830114, 17.366795366795365, 0.12244897959183673, 13.8989898989899, 17.848484848484848, 0.16666666666666666, 13.791666666666666, 15.625]
1355	S Dakota St	[0.9090909090909091, 18.96969696969697, 15.416666666666666, 0.45454545454545453, 17.19327731092437, 17.675070028011206, 0.6428571428571429, 17.20353982300885, 15.858407079646017]
1356	S Illinois	[0.5897435897435898, 16.05732484076433, 15.73248407643312, 0.20930232558139536, 15.290697674418604, 16.77906976744186, 0.4166666666666667, 14.9375, 14.979166666666666]
1357	Sacred Heart	[0.40540540540540543, 18.0, 18.23489932885906, 0.22, 16.95843520782396, 18.91442542787286, 0.5, 18.424242424242426, 18.424242424242426]
1358	Sam Houston St	[0.7647058823529411, 17.14909090909091, 14.829090909090908, 0.4883720930232558, 16.865329512893982, 17.048710601719197, 0.6428571428571429, 16.17391304347826, 15.756521739130434]
1359	Samford	[0.5555555555555556, 17.26206896551724, 17.151724137931033, 0.20833333333333334, 15.922680412371134, 18.515463917525775, 0.25, 16.03076923076923, 17.046153846153846]
1360	San Diego	[0.575, 16.62111801242236, 16.074534161490682, 0.35135135135135137, 15.191919191919192, 16.14814814814815, 0.4, 16.710743801652892, 16.8099173553719]
1361	San Diego St	[0.9302325581395349, 16.631884057971014, 13.228985507246376, 0.6060606060606061, 15.947368421052632, 15.135338345864662, 0.64, 16.472906403940886, 15.182266009852217]
1362	San Francisco	[0.5454545454545454, 17.937853107344633, 17.135593220338983, 0.4857142857142857, 16.954063604240282, 17.469964664310954, 0.36363636363636365, 17.0, 17.31111111111111]
1363	San Jose St	[0.16216216216216217, 13.940199335548172, 16.6046511627907, 0.175, 14.95625, 18.2875, 0.0, 14.5625, 18.625]
1364	Santa Barbara	[0.6857142857142857, 16.946996466431095, 15.583038869257951, 0.37209302325581395, 16.50857142857143, 17.222857142857144, 0.5555555555555556, 14.594594594594595, 14.567567567567568]
1365	Santa Clara	[0.5454545454545454, 17.24507042253521, 16.82816901408451, 0.40540540540540543, 16.632996632996633, 17.50841750841751, 0.4, 17.025, 17.0]
1366	Savannah St	[0.59375, 14.61003861003861, 14.069498069498069, 0.27450980392156865, 13.62621359223301, 16.354368932038835, 0.2857142857142857, 14.842105263157896, 14.842105263157896]
1367	SC Upstate	[0.7222222222222222, 18.214532871972317, 16.096885813148788, 0.38, 16.77227722772277, 17.094059405940595, 0.8333333333333334, 17.875, 15.416666666666666]
1368	SE Louisiana	[0.5625, 17.968992248062015, 17.31782945736434, 0.19607843137254902, 15.343065693430656, 18.16058394160584, 0.2, 16.0, 16.29268292682927]
1369	SE Missouri St	[0.6, 19.028169014084508, 18.37323943661972, 0.38095238095238093, 17.91715976331361, 18.437869822485208, 0.4166666666666667, 18.020833333333332, 17.958333333333332]
1370	Seattle	[0.4523809523809524, 16.879765395894427, 16.299120234604107, 0.2777777777777778, 15.695501730103807, 17.529411764705884, 0.375, 16.0, 16.923076923076923]
1371	Seton Hall	[0.6, 17.39950372208437, 16.168734491315135, 0.2857142857142857, 16.295774647887324, 17.514084507042252, 0.6153846153846154, 16.547169811320753, 16.735849056603772]
1372	SF Austin	[0.972972972972973, 18.5993265993266, 14.437710437710438, 0.813953488372093, 17.657971014492755, 15.36231884057971, 0.7272727272727273, 18.06741573033708, 16.471910112359552]
1373	Siena	[0.46511627906976744, 16.68, 17.0, 0.27906976744186046, 16.382608695652173, 18.31304347826087, 0.2222222222222222, 16.02777777777778, 17.666666666666668]
1374	SMU	[0.782608695652174, 17.91891891891892, 14.891891891891891, 0.5405405405405406, 16.33108108108108, 16.054054054054053, 0.5384615384615384, 15.673076923076923, 15.25]
1375	South Alabama	[0.5526315789473685, 17.084967320261438, 16.973856209150327, 0.2857142857142857, 16.775510204081634, 18.396501457725947, 0.14285714285714285, 15.071428571428571, 16.964285714285715]
1376	South Carolina	[0.5714285714285714, 17.61323155216285, 16.452926208651398, 0.15625, 15.046511627906977, 17.58139534883721, 0.6470588235294118, 16.116788321167885, 15.678832116788321]
1377	South Dakota	[0.5, 18.046875, 17.8359375, 0.3111111111111111, 16.24793388429752, 18.132231404958677, 0.2222222222222222, 16.68421052631579, 17.36842105263158]
1378	South Florida	[0.47058823529411764, 16.009685230024214, 16.411622276029057, 0.21052631578947367, 14.245161290322581, 16.780645161290323, 0.0, 14.78048780487805, 16.097560975609756]
1379	Southern Miss	[0.7777777777777778, 17.560137457044675, 15.292096219931272, 0.4444444444444444, 15.674931129476583, 16.606060606060606, 0.7777777777777778, 18.56756756756757, 17.0]
1380	Southern Univ	[0.7333333333333333, 17.095435684647303, 14.45643153526971, 0.48, 16.18905472636816, 16.228855721393035, 0.45454545454545453, 14.719101123595506, 15.303370786516854]
1381	Southern Utah	[0.34285714285714286, 16.473498233215548, 17.823321554770317, 0.13333333333333333, 15.546961325966851, 18.81767955801105, 0.2, 15.1, 18.65]
1382	St Bonaventure	[0.6190476190476191, 18.219584569732937, 16.700296735905045, 0.4, 17.08359133126935, 17.69659442724458, 0.7272727272727273, 17.863636363636363, 16.681818181818183]
1383	St Francis NY	[0.6666666666666666, 17.26751592356688, 16.05095541401274, 0.4489795918367347, 17.106060606060606, 17.303030303030305, 0.5, 15.83673469387755, 15.83673469387755]
1384	St Francis PA	[0.4594594594594595, 16.29530201342282, 17.201342281879196, 0.24528301886792453, 14.892523364485982, 16.906542056074766, 'Nan', 'Nan', 'Nan']
1385	St John's	[0.75, 17.604761904761904, 15.747619047619047, 0.41935483870967744, 16.404761904761905, 17.333333333333332, 0.3333333333333333, 17.216494845360824, 17.876288659793815]
1386	St Joseph's PA	[0.7272727272727273, 16.926553672316384, 15.282485875706215, 0.40540540540540543, 16.06020066889632, 17.03010033444816, 0.5333333333333333, 17.0, 16.852459016393443]
1387	St Louis	[0.7307692307692307, 16.723809523809525, 14.790476190476191, 0.5625, 16.100775193798448, 16.54263565891473, 0.5333333333333333, 15.487603305785123, 15.40495867768595]
1388	St Mary's CA	[0.84, 18.748129675810475, 15.775561097256858, 0.6666666666666666, 17.104477611940297, 15.992537313432836, 0.3333333333333333, 15.608247422680412, 16.391752577319586]
1389	St Peter's	[0.5128205128205128, 15.624203821656051, 15.560509554140127, 0.3404255319148936, 14.881889763779528, 16.094488188976378, 0.3333333333333333, 14.849315068493151, 15.150684931506849]
1390	Stanford	[0.75, 18.415584415584416, 15.761038961038961, 0.4411764705882353, 17.492753623188406, 17.89855072463768, 0.5, 17.324137931034482, 17.282758620689656]
1391	Stetson	[0.4722222222222222, 16.979310344827585, 17.275862068965516, 0.1702127659574468, 15.96808510638298, 19.138297872340427, 0.3333333333333333, 15.291666666666666, 16.291666666666668]
1392	Stony Brook	[0.8421052631578947, 17.19078947368421, 14.592105263157896, 0.5918367346938775, 16.358585858585858, 15.6010101010101, 0.7142857142857143, 18.464285714285715, 16.071428571428573]
1393	Syracuse	[0.8363636363636363, 17.742663656884876, 14.20316027088036, 0.5483870967741935, 16.144, 16.176, 0.6842105263157895, 16.666666666666668, 15.11111111111111]
1394	TAM C. Christi	[0.5263157894736842, 16.56393442622951, 16.268852459016394, 0.35555555555555557, 15.878116343490305, 17.05263157894737, 0.4, 15.6, 16.0]
1395	TCU	[0.5098039215686274, 16.13691931540342, 15.74083129584352, 0.15625, 14.599221789883268, 17.603112840466927, 0.45454545454545453, 14.977272727272727, 16.113636363636363]
1396	Temple	[0.6739130434782609, 18.12972972972973, 17.075675675675676, 0.4857142857142857, 16.43971631205674, 16.71631205673759, 0.47058823529411764, 17.594202898550726, 17.594202898550726]
1397	Tennessee	[0.7291666666666666, 17.25, 15.375, 0.40625, 15.641221374045802, 15.65648854961832, 0.55, 16.8944099378882, 16.149068322981368]
1398	Tennessee St	[0.4117647058823529, 16.744525547445257, 17.255474452554743, 0.14893617021276595, 15.564986737400531, 18.281167108753316, 0.2857142857142857, 16.535714285714285, 17.392857142857142]
1399	Tennessee Tech	[0.6388888888888888, 17.647058823529413, 17.30795847750865, 0.2391304347826087, 16.266304347826086, 18.36413043478261, 0.25, 17.4375, 18.3125]
1400	Texas	[0.7884615384615384, 17.80614657210402, 15.21985815602837, 0.34375, 16.16216216216216, 17.590733590733592, 0.47058823529411764, 16.248175182481752, 16.05839416058394]
1401	Texas A&M	[0.7735849056603774, 17.11111111111111, 15.060185185185185, 0.3333333333333333, 14.872427983539094, 15.950617283950617, 0.3076923076923077, 14.49056603773585, 15.415094339622641]
1402	Texas St	[0.3157894736842105, 16.123778501628664, 16.964169381107492, 0.24390243902439024, 15.210843373493976, 17.00602409638554, 0.5454545454545454, 16.772727272727273, 16.545454545454547]
1403	Texas Tech	[0.5892857142857143, 17.34811529933481, 16.323725055432373, 0.0967741935483871, 14.152610441767068, 17.951807228915662, 0.25, 15.34375, 18.40625]
1404	TN Martin	[0.42857142857142855, 17.817543859649124, 18.15438596491228, 0.2916666666666667, 16.492227979274613, 19.072538860103627, 0.0, 16.375, 18.625]
1405	Toledo	[0.8, 18.771604938271604, 16.604938271604937, 0.5333333333333333, 18.03867403314917, 18.370165745856355, 0.625, 19.9375, 19.0]
1406	Towson	[0.6052631578947368, 17.37012987012987, 16.246753246753247, 0.46808510638297873, 16.12565445026178, 16.94240837696335, 0.625, 16.615384615384617, 15.63076923076923]
1407	Troy	[0.45, 16.21276595744681, 16.231003039513677, 0.21428571428571427, 15.875739644970414, 17.674556213017752, 0.2857142857142857, 14.551724137931034, 16.03448275862069]
1408	Tulane	[0.64, 16.516129032258064, 15.741935483870968, 0.3939393939393939, 16.02247191011236, 17.34082397003745, 0.2727272727272727, 15.204545454545455, 17.886363636363637]
1409	Tulsa	[0.7380952380952381, 17.032258064516128, 15.085043988269796, 0.5263157894736842, 16.96078431372549, 17.30065359477124, 0.5, 16.265625, 16.375]
1410	UTRGV	[0.4838709677419355, 15.873517786561266, 16.56916996047431, 0.19148936170212766, 14.767195767195767, 17.349206349206348, 0.3333333333333333, 16.894736842105264, 17.842105263157894]
1411	TX Southern	[0.8181818181818182, 19.134328358208954, 16.0, 0.4107142857142857, 16.332603938730852, 17.439824945295406, 0.7, 18.6, 17.3]
1412	UAB	[0.7111111111111111, 18.153005464480874, 16.557377049180328, 0.34285714285714286, 16.487632508833922, 17.78798586572438, 0.375, 16.38167938931298, 17.786259541984734]
1413	UC Davis	[0.5789473684210527, 18.09061488673139, 17.59223300970874, 0.38636363636363635, 16.8876404494382, 18.207865168539325, 0.7142857142857143, 16.63157894736842, 16.596491228070175]
1414	UC Irvine	[0.7777777777777778, 17.49828178694158, 15.573883161512027, 0.4375, 16.350515463917525, 16.556701030927837, 0.6923076923076923, 15.752380952380953, 14.323809523809524]
1415	UC Riverside	[0.5, 16.323624595469255, 16.401294498381876, 0.11363636363636363, 14.828169014084507, 17.459154929577466, 0.0, 13.625, 16.75]
1416	UCF	[0.6, 17.209876543209877, 16.760493827160495, 0.2647058823529412, 16.644927536231883, 18.73913043478261, 0.3333333333333333, 17.185185185185187, 17.185185185185187]
1417	UCLA	[0.8867924528301887, 20.13888888888889, 16.708333333333332, 0.4482758620689655, 16.836206896551722, 17.29310344827586, 0.5769230769230769, 18.21153846153846, 17.971153846153847]
1418	ULL	[0.7368421052631579, 19.631067961165048, 17.17799352750809, 0.3111111111111111, 17.642857142857142, 19.087912087912088, 0.6363636363636364, 17.8876404494382, 17.0561797752809]
1419	ULM	[0.47058823529411764, 15.652173913043478, 16.13768115942029, 0.30952380952380953, 14.88888888888889, 16.941520467836256, 0.16666666666666666, 14.458333333333334, 15.708333333333334]
1420	UMBC	[0.3684210526315789, 15.625806451612902, 16.780645161290323, 0.08163265306122448, 14.66161616161616, 17.853535353535353, 0.5, 17.625, 18.375]
1421	UNC Asheville	[0.625, 18.43579766536965, 17.058365758754864, 0.37777777777777777, 17.768595041322314, 18.914600550964188, 0.2222222222222222, 18.694444444444443, 19.833333333333332]
1422	UNC Greensboro	[0.3333333333333333, 17.68888888888889, 18.107936507936508, 0.2564102564102564, 16.673076923076923, 18.371794871794872, 0.3, 17.555555555555557, 19.45679012345679]
1423	UNC Wilmington	[0.5833333333333334, 16.102739726027398, 15.547945205479452, 0.22, 15.8560794044665, 18.640198511166254, 0.3333333333333333, 18.333333333333332, 17.416666666666668]
1424	UNLV	[0.7368421052631579, 17.47826086956522, 15.439130434782609, 0.45714285714285713, 17.141843971631207, 16.886524822695037, 0.42857142857142855, 16.5, 16.642857142857142]
1425	USC	[0.5319148936170213, 17.12565445026178, 16.858638743455497, 0.2, 16.246478873239436, 18.3943661971831, 0.3076923076923077, 16.20952380952381, 18.19047619047619]
1426	UT Arlington	[0.5641025641025641, 17.14920634920635, 16.546031746031748, 0.46808510638297873, 17.435356200527703, 18.41688654353562, 0.5, 17.583333333333332, 17.458333333333332]
1427	UT San Antonio	[0.34210526315789475, 17.154098360655738, 17.98032786885246, 0.2857142857142857, 16.449704142011836, 18.431952662721894, 0.42857142857142855, 15.785714285714286, 16.0]
1428	Utah	[0.8, 18.426799007444167, 15.106699751861042, 0.30303030303030304, 15.466165413533835, 15.969924812030076, 0.5833333333333334, 15.484536082474227, 15.257731958762887]
1429	Utah St	[0.7142857142857143, 17.405541561712845, 15.758186397984886, 0.4864864864864865, 15.946488294314381, 16.040133779264213, 0.2, 16.45, 18.85]
1430	Utah Valley	[0.6666666666666666, 16.05992509363296, 15.340823970037453, 0.26666666666666666, 14.867403314917127, 17.248618784530386, 0.42857142857142855, 16.75862068965517, 17.344827586206897]
1431	UTEP	[0.7755102040816326, 17.31486146095718, 15.173803526448363, 0.53125, 15.868217054263566, 15.434108527131784, 0.42857142857142855, 16.321428571428573, 17.607142857142858]
1432	Utica	['Nan', 'Nan', 'Nan', 'Nan', 'Nan', 'Nan', 'Nan', 'Nan', 'Nan']
1433	VA Commonwealth	[0.875, 19.18974358974359, 15.538461538461538, 0.6470588235294118, 17.862815884476536, 16.505415162454874, 0.6, 17.693069306930692, 16.405940594059405]
1434	Valparaiso	[0.8222222222222222, 17.72451790633609, 15.393939393939394, 0.5609756097560976, 16.793939393939393, 16.503030303030304, 0.625, 17.3125, 14.96875]
1435	Vanderbilt	[0.6666666666666666, 16.635897435897437, 15.235897435897435, 0.3333333333333333, 15.1203007518797, 16.05263157894737, 0.42857142857142855, 15.803571428571429, 15.839285714285714]
1436	Vermont	[0.7317073170731707, 16.824242424242424, 13.842424242424242, 0.5106382978723404, 16.053050397877985, 15.485411140583555, 1.0, 19.375, 15.625]
1437	Villanova	[0.8913043478260869, 18.641509433962263, 15.148247978436657, 0.6944444444444444, 17.97966101694915, 16.65762711864407, 0.7142857142857143, 17.929411764705883, 15.8]
1438	Virginia	[0.9230769230769231, 16.53717026378897, 12.412470023980815, 0.6176470588235294, 15.76, 14.472727272727273, 0.7058823529411765, 16.279411764705884, 14.661764705882353]
1439	Virginia Tech	[0.5094339622641509, 17.333333333333332, 16.760563380281692, 0.0967741935483871, 14.952755905511811, 17.96062992125984, 0.25, 15.731958762886597, 18.721649484536083]
1440	VMI	[0.5625, 19.869230769230768, 19.1, 0.32558139534883723, 18.877492877492877, 20.66096866096866, 0.375, 18.875, 20.71875]
1441	W Carolina	[0.5806451612903226, 17.707509881422926, 17.177865612648223, 0.3333333333333333, 17.04639175257732, 18.051546391752577, 0.5384615384615384, 17.433962264150942, 17.67924528301887]
1442	W Illinois	[0.6060606060606061, 15.513108614232209, 14.898876404494382, 0.20512820512820512, 14.26923076923077, 16.378205128205128, 0.5555555555555556, 13.780821917808218, 15.123287671232877]
1443	WKU	[0.75, 17.43258426966292, 16.191011235955056, 0.4, 16.569659442724458, 17.609907120743035, 0.5833333333333334, 15.4375, 15.291666666666666]
1444	W Michigan	[0.8461538461538461, 18.681528662420384, 16.88535031847134, 0.40476190476190477, 16.005865102639298, 16.733137829912025, 0.6923076923076923, 16.704761904761906, 15.961904761904762]
1445	W Salem St	['Nan', 'Nan', 'Nan', 'Nan', 'Nan', 'Nan', 'Nan', 'Nan', 'Nan']
1446	W Texas A&M	['Nan', 'Nan', 'Nan', 'Nan', 'Nan', 'Nan', 'Nan', 'Nan', 'Nan']
1447	Wagner	[0.7105263157894737, 17.929260450160772, 16.617363344051448, 0.3541666666666667, 16.308483290488432, 17.61439588688946, 0.5, 17.9375, 17.5625]
1448	Wake Forest	[0.6923076923076923, 18.004796163069546, 16.781774580335732, 0.12121212121212122, 15.647940074906368, 18.584269662921347, 0.2727272727272727, 17.25, 19.227272727272727]
1449	Washington	[0.6470588235294118, 17.95609756097561, 17.097560975609756, 0.34375, 16.396887159533073, 17.408560311284045, 0.5384615384615384, 18.0, 17.88679245283019]
1450	Washington St	[0.5555555555555556, 17.346153846153847, 16.445054945054945, 0.15151515151515152, 14.943396226415095, 18.07547169811321, 0.3333333333333333, 15.852459016393443, 16.901639344262296]
1451	Weber St	[0.7692307692307693, 17.784126984126985, 15.6, 0.4523809523809524, 16.953216374269005, 17.087719298245613, 0.5, 16.666666666666668, 16.708333333333332]
1452	West Virginia	[0.6888888888888889, 19.060773480662984, 16.933701657458563, 0.3333333333333333, 16.344569288389515, 18.05992509363296, 0.6190476190476191, 17.94047619047619, 16.488095238095237]
1453	WI Green Bay	[0.8205128205128205, 17.234177215189874, 14.80379746835443, 0.5, 16.727868852459018, 16.531147540983607, 0.75, 17.395833333333332, 15.916666666666666]
1454	WI Milwaukee	[0.5277777777777778, 16.855172413793102, 17.23448275862069, 0.30434782608695654, 15.817694369973191, 18.10723860589812, 0.5, 16.05, 15.975]
1455	Wichita St	[0.9574468085106383, 17.93617021276596, 13.925531914893616, 0.8055555555555556, 17.31958762886598, 15.573883161512027, 0.76, 17.96, 15.43]
1456	William & Mary	[0.7027027027027027, 18.466216216216218, 16.716216216216218, 0.4222222222222222, 16.893732970027248, 17.438692098092645, 0.5, 16.848484848484848, 17.606060606060606]
1457	Winthrop	[0.7142857142857143, 17.41549295774648, 15.93661971830986, 0.29545454545454547, 16.106442577030812, 17.42296918767507, 0.75, 16.43076923076923, 16.03076923076923]
1458	Wisconsin	[0.8627450980392157, 18.18491484184915, 14.180048661800486, 0.6764705882352942, 16.233576642335766, 14.802919708029197, 0.7857142857142857, 17.75221238938053, 15.70796460176991]
1459	Wofford	[0.7575757575757576, 16.633962264150945, 14.633962264150943, 0.42857142857142855, 14.954081632653061, 15.714285714285714, 0.75, 15.291666666666666, 14.229166666666666]
1460	Wright St	[0.6052631578947368, 16.44736842105263, 15.388157894736842, 0.391304347826087, 15.428571428571429, 16.339622641509433, 0.6666666666666666, 15.726027397260275, 14.356164383561644]
1461	Wyoming	[0.7708333333333334, 16.371134020618555, 14.3659793814433, 0.3684210526315789, 13.928802588996763, 14.79611650485437, 0.7142857142857143, 15.0, 15.551724137931034]
1462	Xavier	[0.8125, 18.391752577319586, 15.81958762886598, 0.3939393939393939, 16.51685393258427, 16.846441947565545, 0.42857142857142855, 16.49411764705882, 16.776470588235295]
1463	Yale	[0.6451612903225806, 16.603174603174605, 15.61111111111111, 0.4583333333333333, 15.742268041237113, 16.422680412371133, 0.5714285714285714, 16.105263157894736, 15.333333333333334]
1464	Youngstown St	[0.5277777777777778, 17.651877133105803, 17.890784982935152, 0.25, 17.41736694677871, 18.73389355742297, 0.5714285714285714, 17.724137931034484, 17.103448275862068]
